Instance A

Temps d'excécution: 
nb Lieux	regrouper()	TSP1()		TSP2()		TSP3()

10		0		0		0		0.012
15		0.004		0		0.004		0.036
20		0.004		0.004		0.02		0.144
25		0.02		0.02		0.096		0.92
30		0.052		0.132		0.428		5.872
35		0.032		0.02		0.112		0.972
40		0.136		0.228		0.776		9.632
45		0.308		0.356		1.208		15.96
50		0.424		0.64		2.124		29.32

Regroupements : 
nb lieux		10	15	20	25	30	35	40	45	50

nb regroupement		79	240	694	2948	9126	4195	17626	26984	44145

1			0	0	0	0	0	0	0	0	0	
2			9	14	19	24	29	34	39	44	49	
3			36	91	171	276	406	561	741	946	1176	
4			34	131	425	1588	2712	2981	6094	8693	12114	
5			0	4	79	1041	4673	619	8960	14448	25189	
6			0	0	0	19	1305	0	1785	2852	5617	
7			0	0	0	0	1	0	7	1	0	
8			0	0	0	0	0	0	0	0	0	
9			0	0	0	0	0	0	0	0	0	
10			0	0	0	0	0	0	0	0	0	
11			-1	0	0	0	0	0	0	0	0	
12			-1	0	0	0	0	0	0	0	0	
13			-1	0	0	0	0	0	0	0	0	
14			-1	0	0	0	0	0	0	0	0	
15			-1	0	0	0	0	0	0	0	0	
16			-1	-1	0	0	0	0	0	0	0	
17			-1	-1	0	0	0	0	0	0	0	
18			-1	-1	0	0	0	0	0	0	0	
19			-1	-1	0	0	0	0	0	0	0	
20			-1	-1	0	0	0	0	0	0	0	
21			-1	-1	-1	0	0	0	0	0	0	
22			-1	-1	-1	0	0	0	0	0	0	
23			-1	-1	-1	0	0	0	0	0	0	
24			-1	-1	-1	0	0	0	0	0	0	
25			-1	-1	-1	0	0	0	0	0	0	
26			-1	-1	-1	-1	0	0	0	0	0	
27			-1	-1	-1	-1	0	0	0	0	0	
28			-1	-1	-1	-1	0	0	0	0	0	
29			-1	-1	-1	-1	0	0	0	0	0	
30			-1	-1	-1	-1	0	0	0	0	0	
31			-1	-1	-1	-1	-1	0	0	0	0	
32			-1	-1	-1	-1	-1	0	0	0	0	
33			-1	-1	-1	-1	-1	0	0	0	0	
34			-1	-1	-1	-1	-1	0	0	0	0	
35			-1	-1	-1	-1	-1	0	0	0	0	
36			-1	-1	-1	-1	-1	-1	0	0	0	
37			-1	-1	-1	-1	-1	-1	0	0	0	
38			-1	-1	-1	-1	-1	-1	0	0	0	
39			-1	-1	-1	-1	-1	-1	0	0	0	
40			-1	-1	-1	-1	-1	-1	0	0	0	
41			-1	-1	-1	-1	-1	-1	-1	0	0	
42			-1	-1	-1	-1	-1	-1	-1	0	0	
43			-1	-1	-1	-1	-1	-1	-1	0	0	
44			-1	-1	-1	-1	-1	-1	-1	0	0	
45			-1	-1	-1	-1	-1	-1	-1	0	0	
46			-1	-1	-1	-1	-1	-1	-1	-1	0	
47			-1	-1	-1	-1	-1	-1	-1	-1	0	
48			-1	-1	-1	-1	-1	-1	-1	-1	0	
49			-1	-1	-1	-1	-1	-1	-1	-1	0	
50			-1	-1	-1	-1	-1	-1	-1	-1	0	


Instance B

Temps d'excécution: 
nb Lieux	regrouper()	TSP1()		TSP2()		TSP3()

10		0		0.004		0.012		0.172
15		0.016		0.68		0.56		35.824
20		0.148		37.044		10.592		11151.01
25		0.288		10.18		8.408		718.804
30		1.46		149.26		58.936	
35		10.04		7025.07		894.536	
40		9.428		1297.06		409.592	
45		15.676		1541.65		543.796	
50		88.332		31734.52	4258.34	

Regroupements : 
nb lieux		10	15	20	25	30	35	40	45	50

nb regroupement		288	4509	42299	62714	270307	1954584	1567966	2274695	10124740
1			0	0	0	0	0	0	0	0	0	
2			9	14	19	24	29	34	39	44	49	
3			36	91	171	276	406	561	741	946	1176	
4			84	364	969	2024	3654	5984	9139	13244	18424	
5			125	1001	3876	10600	23656	46291	81453	134413	211371	
6			34	1780	11167	30075	90260	251430	418329	707195	1512288	
7			0	1143	17072	18532	114597	701247	722680	1037643	4083062	
8			0	116	8292	1183	35831	728642	313778	358209	3431809	
9			0	0	733	0	1871	212460	21797	22896	822765	
10			0	0	0	0	3	7935	10	105	43597	
11			-1	0	0	0	0	0	0	0	199	
12			-1	0	0	0	0	0	0	0	0	
13			-1	0	0	0	0	0	0	0	0	
14			-1	0	0	0	0	0	0	0	0	
15			-1	0	0	0	0	0	0	0	0	
16			-1	-1	0	0	0	0	0	0	0	
17			-1	-1	0	0	0	0	0	0	0	
18			-1	-1	0	0	0	0	0	0	0	
19			-1	-1	0	0	0	0	0	0	0	
20			-1	-1	0	0	0	0	0	0	0	
21			-1	-1	-1	0	0	0	0	0	0	
22			-1	-1	-1	0	0	0	0	0	0	
23			-1	-1	-1	0	0	0	0	0	0	
24			-1	-1	-1	0	0	0	0	0	0	
25			-1	-1	-1	0	0	0	0	0	0	
26			-1	-1	-1	-1	0	0	0	0	0	
27			-1	-1	-1	-1	0	0	0	0	0	
28			-1	-1	-1	-1	0	0	0	0	0	
29			-1	-1	-1	-1	0	0	0	0	0	
30			-1	-1	-1	-1	0	0	0	0	0	
31			-1	-1	-1	-1	-1	0	0	0	0	
32			-1	-1	-1	-1	-1	0	0	0	0	
33			-1	-1	-1	-1	-1	0	0	0	0	
34			-1	-1	-1	-1	-1	0	0	0	0	
35			-1	-1	-1	-1	-1	0	0	0	0	
36			-1	-1	-1	-1	-1	-1	0	0	0	
37			-1	-1	-1	-1	-1	-1	0	0	0	
38			-1	-1	-1	-1	-1	-1	0	0	0	
39			-1	-1	-1	-1	-1	-1	0	0	0	
40			-1	-1	-1	-1	-1	-1	0	0	0	
41			-1	-1	-1	-1	-1	-1	-1	0	0	
42			-1	-1	-1	-1	-1	-1	-1	0	0	
43			-1	-1	-1	-1	-1	-1	-1	0	0	
44			-1	-1	-1	-1	-1	-1	-1	0	0	
45			-1	-1	-1	-1	-1	-1	-1	0	0	
46			-1	-1	-1	-1	-1	-1	-1	-1	0	
47			-1	-1	-1	-1	-1	-1	-1	-1	0	
48			-1	-1	-1	-1	-1	-1	-1	-1	0	
49			-1	-1	-1	-1	-1	-1	-1	-1	0	
50			-1	-1	-1	-1	-1	-1	-1	-1	0	


