40
30
11 8 14 12 8 11 13 11 6 8 7 5 13 10 6 14 11 13 14 5 8 5 8 5 5 10 13 13 5 7 11 11 10 12 9 5 10 9 11 
0 259 521 520 429 513 227 415 187 530 252 246 193 375 293 140 52 459 93 430 538 183 460 562 364 487 584 147 139 387 538 639 303 419 366 537 478 280 471 296 
259 0 295 261 333 254 126 156 183 479 122 56 207 236 84 291 212 257 175 228 342 93 202 302 248 274 443 138 245 141 328 385 258 192 161 295 433 100 211 160 
521 295 0 220 257 216 297 224 357 383 404 280 367 195 340 483 486 77 428 394 87 388 230 205 226 46 238 431 437 284 53 170 311 104 362 57 366 367 194 237 
520 261 220 0 437 8 349 105 418 582 310 290 438 344 244 542 471 260 436 211 307 343 62 50 373 245 457 386 493 147 274 171 436 204 214 170 553 268 54 328 
429 333 257 437 0 430 233 382 243 150 452 281 235 101 414 328 418 185 351 535 200 389 415 441 84 212 162 415 298 420 226 427 127 233 478 310 115 433 390 174 
513 254 216 8 430 0 341 98 410 575 304 282 430 337 238 534 464 254 428 209 302 336 55 54 366 240 452 379 485 141 269 173 428 197 210 167 546 262 46 320 
227 126 297 349 233 341 0 253 69 368 229 71 89 155 209 196 200 232 135 354 311 157 299 379 153 260 372 182 148 258 310 432 135 199 287 320 319 220 295 70 
415 156 224 105 382 98 253 0 321 532 213 188 342 282 145 441 366 230 331 170 301 238 47 149 307 229 439 282 392 62 273 250 356 159 141 195 496 171 59 244 
187 183 357 418 243 410 69 321 0 358 265 134 23 190 260 128 175 287 109 410 359 183 367 449 176 316 396 193 81 322 364 499 121 263 341 384 307 266 364 120 
530 479 383 582 150 575 368 532 358 0 595 425 344 252 562 406 531 323 467 686 308 526 564 581 232 344 189 546 391 571 341 548 238 380 628 440 52 579 538 319 
252 122 404 310 452 304 229 213 265 595 0 171 288 358 68 338 199 375 202 178 460 85 248 358 368 390 566 105 300 163 443 463 365 307 117 393 547 41 273 278 
246 56 280 290 281 282 71 188 134 425 171 0 156 188 140 252 206 229 154 283 314 117 236 325 196 252 401 155 203 188 305 393 202 176 216 291 378 155 236 106 
193 207 367 438 235 430 89 342 23 344 288 156 0 192 284 115 187 295 123 433 365 205 389 467 175 326 392 213 71 344 371 514 110 277 365 398 291 290 384 130 
375 236 195 344 101 337 155 282 190 252 358 188 192 0 315 304 354 118 287 433 174 302 317 355 31 149 217 334 263 319 185 361 116 141 376 240 214 335 295 86 
293 84 340 244 414 238 209 145 260 562 68 140 284 315 0 355 240 317 225 150 400 110 182 292 330 328 515 148 312 99 381 395 342 246 82 326 517 27 205 243 
140 291 483 542 328 534 196 441 128 406 338 252 115 304 355 0 167 411 136 505 478 254 488 575 283 441 490 240 49 432 486 628 203 392 436 513 354 353 488 246 
52 212 486 471 418 464 200 366 175 531 199 206 187 354 240 167 0 428 67 377 509 131 410 514 346 453 568 95 150 336 506 596 296 382 313 497 479 227 423 270 
459 257 77 260 185 254 232 230 287 323 375 229 295 118 317 411 428 0 366 399 85 344 251 258 148 31 208 384 366 284 78 245 234 73 356 126 299 343 220 166 
93 175 428 436 351 428 135 331 109 467 202 154 123 287 225 136 67 366 0 372 446 119 377 475 279 393 501 104 103 311 445 548 230 325 305 443 415 219 385 205 
430 228 394 211 535 209 354 170 410 686 178 283 433 433 150 505 377 399 372 0 471 254 168 259 454 399 607 282 462 116 444 382 482 326 68 358 645 153 205 375 
538 342 87 307 200 302 311 301 359 308 460 314 365 174 400 478 509 85 446 471 0 429 313 292 198 72 151 469 436 358 35 240 286 154 434 142 298 426 278 242 
183 93 388 343 389 336 157 238 183 526 85 117 205 302 110 254 131 344 119 254 429 0 281 387 306 364 517 45 215 204 418 477 290 284 187 389 476 101 296 217 
460 202 230 62 415 55 299 47 367 564 248 236 389 317 182 488 410 251 377 168 313 281 0 110 344 244 458 324 440 86 282 222 398 185 158 190 531 206 37 287 
562 302 205 50 441 54 379 149 449 581 358 325 467 355 292 575 514 258 475 259 292 387 110 0 385 238 444 431 526 196 257 124 455 214 264 149 556 317 91 350 
364 248 226 373 84 366 153 307 176 232 368 196 175 31 330 283 346 148 279 454 198 306 344 385 0 179 221 335 245 341 213 392 88 171 395 271 191 348 323 90 
487 274 46 245 212 240 260 229 316 344 390 252 326 149 328 441 453 31 393 399 72 364 244 238 179 0 213 405 396 286 54 215 265 83 361 98 323 355 211 196 
584 443 238 457 162 452 372 439 396 189 566 401 392 217 515 490 568 208 501 607 151 517 458 444 221 213 0 551 458 491 186 384 288 281 562 294 201 538 424 303 
147 138 431 386 415 379 182 282 193 546 105 155 213 334 148 240 95 384 104 282 469 45 324 431 335 405 551 0 207 245 459 522 308 327 218 433 496 132 341 248 
139 245 437 493 298 485 148 392 81 391 300 203 71 263 312 49 150 366 103 462 436 215 440 526 245 396 458 207 0 386 442 579 171 344 393 465 338 311 439 200 
387 141 284 147 420 141 258 62 322 571 163 188 344 319 99 432 336 284 311 116 358 204 86 196 341 286 491 245 386 0 332 307 377 210 79 257 532 121 115 267 
538 328 53 274 226 269 310 273 364 341 443 305 371 185 381 486 506 78 445 444 35 418 282 257 213 54 186 459 442 332 0 206 301 136 409 107 329 408 247 244 
639 385 170 171 427 173 432 250 499 548 463 393 514 361 395 628 596 245 548 382 240 477 222 124 392 215 384 522 579 307 206 0 474 237 381 120 534 422 192 385 
303 258 311 436 127 428 135 356 121 238 365 202 110 116 342 203 296 234 230 482 286 290 398 455 88 265 288 308 171 377 301 474 0 243 417 354 187 355 383 111 
419 192 104 204 233 197 199 159 263 380 307 176 277 141 246 392 382 73 325 326 154 284 185 214 171 83 281 327 344 210 136 237 243 0 282 121 349 272 157 148 
366 161 362 214 478 210 287 141 341 628 117 216 365 376 82 436 313 356 305 68 434 187 158 264 395 361 562 218 393 79 409 381 417 282 0 336 585 86 191 312 
537 295 57 170 310 167 320 195 384 440 393 291 398 240 326 513 497 126 443 358 142 389 190 149 271 98 294 433 465 257 107 120 354 121 336 0 421 353 153 267 
478 433 366 553 115 546 319 496 307 52 547 378 291 214 517 354 479 299 415 645 298 476 531 556 191 323 201 496 338 532 329 534 187 349 585 421 0 533 506 273 
280 100 367 268 433 262 220 171 266 579 41 155 290 335 27 353 227 343 219 153 426 101 206 317 348 355 538 132 311 121 408 422 355 272 86 353 533 0 231 260 
471 211 194 54 390 46 295 59 364 538 273 236 384 295 205 488 423 220 385 205 278 296 37 91 323 211 424 341 439 115 247 192 383 157 191 153 506 231 0 274 
296 160 237 328 174 320 70 244 120 319 278 106 130 86 243 246 270 166 205 375 242 217 287 350 90 196 303 248 200 267 244 385 111 148 312 267 273 260 274 0 
