45
30
6 7 5 10 11 5 14 6 13 9 5 7 6 10 5 5 5 10 6 11 13 9 9 9 14 14 7 10 13 10 7 14 14 9 9 12 11 11 13 10 7 13 14 9 
0 351 510 373 423 306 131 42 316 442 561 429 310 250 514 365 546 310 502 269 303 462 148 225 401 475 384 644 671 311 224 227 207 79 177 556 502 288 381 253 439 636 196 138 331 
351 0 324 156 149 106 282 382 86 101 391 91 45 170 356 25 387 80 302 170 268 210 225 206 312 303 151 387 457 191 146 166 398 361 207 204 283 171 500 128 267 397 232 217 487 
510 324 0 174 462 422 521 552 405 372 67 374 315 466 42 301 65 273 25 474 215 122 368 286 132 35 474 157 161 203 418 449 402 465 463 344 52 482 374 419 71 135 314 436 403 
373 156 174 0 304 248 357 413 232 228 241 226 141 292 202 137 234 98 156 300 150 89 225 154 161 149 307 276 324 78 245 275 331 348 294 258 144 307 384 245 112 274 188 274 386 
423 149 462 304 0 118 314 443 113 101 529 93 183 178 498 166 527 227 439 162 414 343 333 340 462 445 46 497 580 339 201 196 521 457 248 221 417 147 641 171 412 514 360 287 623 
306 106 422 248 118 0 206 328 20 151 489 138 107 73 451 131 483 153 401 67 325 314 217 238 390 398 87 493 561 259 82 83 408 338 134 282 384 65 539 53 360 502 252 168 515 
131 282 521 357 314 206 0 135 222 355 581 342 250 137 535 302 569 270 507 153 343 444 166 244 437 488 271 633 679 318 136 123 314 198 75 482 500 169 482 158 449 632 230 85 439 
42 382 552 413 443 328 135 0 340 470 604 457 342 266 556 398 589 346 544 284 346 502 188 267 444 517 402 686 713 352 248 246 240 113 195 587 544 302 414 275 481 677 238 165 362 
316 86 405 232 113 20 222 340 0 134 472 120 92 92 434 111 466 138 384 87 316 295 219 232 377 381 89 473 543 247 92 98 408 345 148 263 366 85 534 65 344 483 250 178 513 
442 101 372 228 101 151 355 470 134 0 437 13 146 225 410 102 438 177 348 216 360 250 324 306 390 359 133 396 481 281 222 232 499 459 281 132 324 208 595 197 329 414 333 305 586 
561 391 67 241 529 489 581 604 472 437 0 440 382 532 47 368 19 339 90 540 259 187 424 341 165 93 541 157 118 262 483 514 434 511 526 401 113 548 380 485 133 124 366 496 416 
429 91 374 226 93 138 342 457 120 13 440 0 136 211 411 96 439 169 350 202 354 253 313 297 387 360 122 403 487 276 209 219 489 447 268 145 326 194 589 184 329 420 324 292 578 
310 45 315 141 183 107 250 342 92 146 382 136 0 155 343 55 376 46 295 160 231 211 180 162 286 290 174 396 458 158 118 144 353 316 177 246 279 167 459 109 253 402 187 179 444 
250 170 466 292 178 73 137 266 92 225 532 211 155 0 490 194 524 193 448 19 337 367 195 240 415 439 135 552 614 283 55 28 383 295 72 355 434 39 530 47 400 558 244 122 499 
514 356 42 202 498 451 535 556 434 410 47 411 343 490 0 334 34 299 67 500 212 161 377 294 118 53 507 183 163 216 440 471 390 464 482 387 94 509 346 444 90 155 319 450 378 
365 25 301 137 166 131 302 398 111 102 368 96 55 194 334 0 365 74 279 194 258 186 233 205 296 281 173 362 432 180 167 189 399 370 227 191 259 196 493 151 246 372 234 234 483 
546 387 65 234 527 483 569 589 466 438 19 439 376 524 34 365 0 332 89 533 243 187 411 328 148 85 538 174 137 250 474 505 416 495 516 407 116 542 361 477 124 142 352 484 397 
310 80 273 98 227 153 270 346 138 177 339 169 46 193 299 74 332 0 254 201 188 177 168 130 239 246 221 365 421 112 148 178 325 305 201 257 241 209 420 146 208 368 160 191 408 
502 302 25 156 439 401 507 544 384 348 90 350 295 448 67 279 89 254 0 455 213 97 359 277 139 39 451 151 171 193 401 431 404 461 448 320 27 462 387 401 64 135 306 422 413 
269 170 474 300 162 67 153 284 87 216 540 202 160 19 500 194 533 201 455 0 352 372 213 256 428 448 118 555 619 296 72 47 402 315 92 347 440 19 548 57 409 562 262 141 518 
303 268 215 150 414 325 343 346 316 360 259 354 231 337 212 258 243 188 213 352 0 213 177 100 98 179 403 364 373 79 281 311 194 251 305 408 222 366 236 296 150 348 114 261 236 
462 210 122 89 343 314 444 502 295 250 187 253 211 367 161 186 187 177 97 372 213 0 314 241 180 113 357 188 247 158 325 354 405 435 378 232 74 377 429 321 95 190 274 362 442 
148 225 368 225 333 217 166 188 219 324 424 313 180 195 377 233 411 168 359 213 177 314 0 83 273 334 304 498 529 166 143 166 190 137 140 423 356 232 336 169 297 490 63 89 304 
225 206 286 154 340 238 244 267 232 306 341 297 162 240 294 205 328 130 277 256 100 241 83 0 192 252 322 419 447 85 184 213 194 194 204 384 277 272 301 202 214 410 34 161 282 
401 312 132 161 462 390 437 444 377 390 165 387 286 415 118 296 148 239 139 428 98 180 273 192 0 100 460 288 282 132 361 392 271 347 393 406 156 440 252 371 88 266 211 353 274 
475 303 35 149 445 398 488 517 381 359 93 360 290 439 53 281 85 246 39 448 179 113 334 252 100 0 454 189 196 170 389 420 368 430 433 344 61 456 348 392 39 169 279 403 374 
384 151 474 307 46 87 271 402 89 133 541 122 174 135 507 173 538 221 451 118 403 357 304 322 460 454 0 521 600 333 166 156 495 423 207 261 431 102 623 137 419 536 338 250 601 
644 387 157 276 497 493 633 686 473 396 157 403 396 552 183 362 174 365 151 555 364 188 498 419 288 189 521 0 101 334 513 541 556 609 567 315 144 558 529 506 214 36 451 550 559 
671 457 161 324 580 561 679 713 543 481 118 487 458 614 163 432 137 421 171 619 373 247 529 447 282 196 600 101 0 364 569 599 553 625 618 412 180 625 494 567 232 70 475 594 534 
311 191 203 78 339 259 318 352 247 281 262 276 158 283 216 180 250 112 193 296 79 158 166 85 132 170 333 334 364 0 230 261 253 277 266 332 191 308 315 239 131 325 117 233 313 
224 146 418 245 201 82 136 248 92 222 483 209 118 55 440 167 474 148 401 72 281 325 143 184 361 389 166 513 569 230 0 31 334 257 60 346 389 89 476 29 350 516 190 86 447 
227 166 449 275 196 83 123 246 98 232 514 219 144 28 471 189 505 178 431 47 311 354 166 213 392 420 156 541 599 261 31 0 355 269 51 360 419 66 502 37 381 545 217 95 471 
207 398 402 331 521 408 314 240 408 499 434 489 353 383 390 399 416 325 404 402 194 405 190 194 271 368 495 556 553 253 334 355 0 128 320 577 415 421 174 360 342 537 165 265 125 
79 361 465 348 457 338 198 113 345 459 511 447 316 295 464 370 495 305 461 315 251 435 137 194 347 430 423 609 625 277 257 269 128 0 224 560 465 334 302 286 397 596 160 173 251 
177 207 463 294 248 134 75 195 148 281 526 268 177 72 482 227 516 201 448 92 305 378 140 204 393 433 207 567 618 266 60 51 320 224 0 406 438 111 476 84 393 568 199 55 441 
556 204 344 258 221 282 482 587 263 132 401 145 246 355 387 191 407 257 320 347 408 232 423 384 406 344 261 315 412 332 346 360 577 560 406 0 292 340 642 323 326 342 416 422 644 
502 283 52 144 417 384 500 544 366 324 113 326 279 434 94 259 116 241 27 440 222 74 356 277 156 61 431 144 180 191 389 419 415 465 438 292 0 446 408 387 72 133 307 415 431 
288 171 482 307 147 65 169 302 85 208 548 194 167 39 509 196 542 209 462 19 366 377 232 272 440 456 102 558 625 308 89 66 421 334 111 340 446 0 566 70 418 566 279 161 536 
381 500 374 384 641 539 482 414 534 595 380 589 459 530 346 493 361 420 387 548 236 429 336 301 252 348 623 529 494 315 476 502 174 302 476 642 408 566 0 499 340 501 287 422 59 
253 128 419 245 171 53 158 275 65 197 485 184 109 47 444 151 477 146 401 57 296 321 169 202 371 392 137 506 567 239 29 37 360 286 84 323 387 70 499 0 353 511 211 115 471 
439 267 71 112 412 360 449 481 344 329 133 329 253 400 90 246 124 208 64 409 150 95 297 214 88 39 419 214 232 131 350 381 342 397 393 326 72 418 340 353 0 199 243 364 360 
636 397 135 274 514 502 632 677 483 414 124 420 402 558 155 372 142 368 135 562 348 190 490 410 266 169 536 36 70 325 516 545 537 596 568 342 133 566 501 511 199 0 440 548 534 
196 232 314 188 360 252 230 238 250 333 366 324 187 244 319 234 352 160 306 262 114 274 63 34 211 279 338 451 475 117 190 217 165 160 199 416 307 279 287 211 243 440 0 151 263 
138 217 436 274 287 168 85 165 178 305 496 292 179 122 450 234 484 191 422 141 261 362 89 161 353 403 250 550 594 233 86 95 265 173 55 422 415 161 422 115 364 548 151 0 386 
331 487 403 386 623 515 439 362 513 586 416 578 444 499 378 483 397 408 413 518 236 442 304 282 274 374 601 559 534 313 447 471 125 251 441 644 431 536 59 471 360 534 263 386 0 
